177 32
0 0
258 66
284 26
322 -5
0 0
0 245
0 228
0 -16
249 53
241 6
0 205
0 219
0 233
0 224
0 -14
214 66
0 222
0 231
259 -22
0 0
302 82
0 228
0 236
0 -15
18 245
0 222
0 224
0 235
0 223
0 0
234 249
0 -12
0 0
0 235
272 -27
249 5
0 0
227 58
212 29
0 217
0 -8
262 63
0 0
0 232
238 1
220 -3
0 0
0 235
0 208
0 224
0 222
0 201
0 -9
0 235
0 229
0 227
303 -5
0 0
249 72
0 230
0 -14
120 214
0 -16
0 0
269 89
0 0
0 0
305 82
0 0
0 0
330 87
0 247
282 -40
0 0
26 228
344 -38
0 0
-52 247
359 -37
0 0
12 228
0 -17
10 248
296 -16
0 242
358 -44
0 0
6 248
0 210
0 225
0 -10
328 86
0 0
0 0
16 241
0 221
0 233
0 -4
36 243
0 214
0 243
258 -21
0 0
0 225
0 250
0 267
0 258
0 252
350 -37
0 0
270 254
338 -33
0 243
359 -1
0 251
0 -13
284 235
0 -16
0 0
0 246
0 230
0 237
0 230
0 236
0 253
0 -17
0 0
0 0
0 0
0 0
0 0
0 0
0 0
0 0
0 0
0 0
0 0
0 0
0 0
0 0
0 0
0 0
0 0
0 0
0 0
0 0
0 0
0 0
0 0
0 0
238 233
0 -1
20 238
0 225
0 229
0 0
0 251
0 224
0 -14
250 62
270 22
0 245
0 256
0 225
340 -36
0 0
32 228
302 -28
0 233
0 206
0 -12
248 35
0 223
0 248
0 -14
0 237
0 219
0 244
0 222
303 -33
0 0
-103 251
0 -15
0 0
0 252
242 -17
0 250
0 -9
20 248
0 226
0 227
0 -12
57 226
0 -12
0 260
0 225
0 241
0 -14
0 249
0 238
0 254
0 247
0 239
0 -11
0 273
0 262
0 250
0 233
0 -10
272 11
0 239
0 -10
198 212
0 -7
0 -19
249 238
0 -13
0 0
20 240
0 -13
0 -25
0 237
0 234
0 239
0 -12
164 220
278 -4
0 0
0 242
287 -9
0 0
317 83
0 0
0 268
0 248
0 251
0 233
0 -16
310 92
344 41
0 251
0 -15
262 59
0 0
0 0
0 241
0 235
314 3
0 0
0 247
0 233
0 246
288 -33
0 0
74 246
0 259
0 269
0 261
0 259
328 -19
0 0
80 267
0 242
0 261
0 234
0 256
0 -13
178 239
0 -9
0 -16
0 262
0 249
0 250
0 253
0 253
0 235
0 -10
0 0
0 0
0 0
0 0
0 0
0 0
0 0
0 0
0 0
0 0
0 0
0 0
0 0
0 0
0 0
0 0
0 0
0 0
0 0
0 0
0 0
0 0
0 0
0 0
226 228
0 -8
318 77
280 27
290 7
0 0
0 242
0 212
0 -14
132 24
222 26
0 225
0 245
0 241
232 -4
0 0
0 211
324 -17
0 218
298 -5
0 0
269 77
265 14
305 -9
0 0
235 50
0 226
312 -30
0 236
0 245
0 -10
240 254
0 -14
0 0
314 84
0 263
0 239
0 -9
289 71
290 6
162 18
0 0
0 233
0 -11
31 244
314 -20
317 20
0 0
62 210
0 237
0 223
0 225
0 222
0 -11
0 253
0 233
0 254
299 -32
0 0
332 70
0 249
0 -11
244 238
0 -14
0 0
266 59
0 0
0 0
283 67
0 0
0 0
270 64
261 9
340 41
0 0
122 228
237 -13
0 0
0 224
289 -27
0 0
279 55
0 0
0 247
0 235
0 233
289 -6
0 0
0 248
279 -12
301 4
0 0
0 239
0 -12
0 0
362 95
0 246
0 235
0 -14
0 236
0 248
0 243
288 -23
0 0
74 246
320 -33
294 -20
0 249
342 -47
0 245
0 -16
299 81
0 251
328 -43
300 -11
291 -20
0 0
245 251
0 -12
0 -27
0 242
0 231
0 220
0 250
0 264
0 233
0 -14
0 0
0 0
0 0
0 0
0 0
0 0
0 0
0 0
0 0
0 0
0 0
0 0
0 0
0 0
0 0
0 0
0 0
0 0
0 0
0 0
0 0
0 0
0 0
0 0
230 206
0 -10
241 47
186 1
266 2
0 0
40 215
0 202
0 -10
251 4
268 1
0 218
0 206
0 191
330 -24
0 0
0 214
310 -19
0 209
211 -9
0 0
278 81
278 47
289 20
0 0
304 77
0 209
232 -15
0 226
0 224
0 -10
133 220
0 -13
0 0
303 70
0 241
0 223
0 -12
281 58
247 13
229 6
0 0
252 58
0 0
0 227
260 -21
310 28
0 0
0 218
0 235
0 228
0 232
0 224
0 -13
0 242
0 231
0 221
295 -17
0 0
236 59
0 226
0 -9
254 226
0 -12
0 0
251 60
0 0
0 0
247 58
0 0
0 0
8 243
0 224
0 217
0 -17
198 216
286 6
0 0
-92 223
282 -14
0 0
0 228
0 -11
0 226
0 241
0 215
296 -4
0 0
-60 225
304 -2
258 14
0 0
0 232
0 -8
0 0
269 38
0 258
0 220
0 -13
0 230
0 212
0 216
308 -27
0 0
156 227
288 -13
297 -7
0 235
0 219
0 233
0 -10
132 242
0 249
0 239
0 245
0 245
0 -13
304 240
0 -10
0 0
10 234
0 221
0 211
0 239
0 255
0 230
0 -15
0 0
0 0
0 0
0 0
0 0
0 0
0 0
0 0
0 0
0 0
0 0
0 0
0 0
0 0
0 0
0 0
0 0
0 0
0 0
0 0
0 0
0 0
0 0
0 0
254 44
0 0
0 257
0 225
0 239
0 -2
0 251
0 236
0 -11
127 34
137 14
0 212
0 235
0 241
252 -17
0 0
20 229
296 -19
0 202
193 11
0 0
103 30
0 221
0 225
0 -10
255 60
0 211
256 7
0 223
0 218
0 -4
202 232
0 -12
0 0
262 79
0 241
0 237
0 -10
134 46
330 39
240 -16
0 0
0 221
0 -12
0 232
0 210
0 214
0 -17
0 218
0 206
0 242
0 225
0 209
0 -13
0 233
0 206
0 229
0 207
0 -7
226 55
0 211
0 -9
268 235
0 -9
0 -19
179 227
0 -13
0 0
0 231
0 -14
0 0
0 251
0 235
0 233
0 -14
160 200
322 2
0 0
0 213
274 -18
0 0
0 226
0 -11
0 241
0 211
0 226
322 -42
0 0
0 224
292 -41
272 -11
0 0
0 236
0 -13
0 0
316 78
0 235
0 240
0 -19
0 234
0 193
0 243
314 -18
0 0
38 216
0 219
0 218
0 247
0 186
320 -41
0 0
52 240
0 229
0 210
0 219
316 -5
0 0
0 233
0 -14
0 0
0 211
0 210
0 213
0 211
0 200
0 217
0 -3
6 229
0 196
0 -12
12 212
0 236
0 222
0 212
0 230
0 223
0 -13
0 0
0 0
0 0
0 0
0 0
0 0
0 0
0 0
0 0
0 0
0 0
0 0
0 0
0 0
208 220
0 -13
4 265
0 219
0 227
0 -4
38 272
0 229
0 -11
249 58
220 4
0 220
0 247
0 220
94 30
0 0
0 210
248 6
0 231
0 214
0 -5
236 24
0 225
0 225
0 -3
102 242
0 198
0 213
0 215
258 -17
0 0
41 221
0 -8
0 0
32 208
309 1
0 218
0 -4
40 219
0 217
0 229
0 -11
14 235
0 -9
22 250
0 249
0 224
0 -13
0 218
0 220
0 246
0 238
0 221
0 -10
0 269
0 244
0 238
0 228
0 -15
222 34
0 224
0 -2
214 252
0 -14
0 -20
52 242
0 -12
0 -1
8 222
0 -13
0 0
0 238
0 220
0 219
0 -8
242 247
244 -29
0 0
0 242
298 5
0 0
261 48
0 0
0 224
0 238
0 221
0 242
0 -20
341 76
274 22
0 259
0 -14
257 63
0 0
0 0
0 243
0 236
344 -29
0 0
0 219
0 250
0 220
194 22
0 0
52 261
0 229
0 234
0 237
0 241
247 -41
0 0
100 250
0 246
0 247
0 247
0 237
0 -17
203 256
0 -16
0 0
0 244
0 256
0 239
0 227
0 219
0 238
0 -12
0 233
0 257
0 -15
46 231
0 240
0 265
0 255
0 255
0 245
0 -15
0 0
0 0
0 0
0 0
0 0
0 0
0 0
0 0
0 0
0 0
0 0
0 0
0 0
0 0
206 29
0 0
250 68
274 -7
164 9
0 11
0 209
0 218
0 -7
246 5
178 13
0 216
0 240
178 1
0 251
0 -13
0 203
0 192
0 219
0 213
0 -14
231 35
262 26
247 9
0 0
0 209
177 -10
151 23
146 27
203 16
0 0
-65 231
0 -9
0 0
0 245
272 0
195 -4
0 0
122 23
0 234
0 199
0 -8
22 203
0 -12
10 229
220 -29
314 23
0 0
0 226
0 247
0 188
0 247
0 245
0 -11
0 247
0 258
0 244
191 -3
0 0
299 71
0 234
0 -5
222 232
0 -11
0 0
340 83
0 0
0 0
280 71
0 0
0 0
286 65
282 0
347 -2
0 0
144 210
268 -15
0 0
0 230
179 16
0 0
0 242
0 -12
250 68
0 225
0 212
0 249
0 -18
0 230
0 229
0 221
0 -14
300 74
0 0
0 0
275 86
0 250
0 219
0 -15
0 222
0 239
0 206
214 14
0 2
47 242
297 -26
234 -17
0 227
130 12
0 263
0 22
304 19
0 257
300 -39
231 17
193 32
0 0
204 240
0 -17
0 -23
0 213
0 207
0 199
0 213
0 244
0 230
0 -14
0 0
0 0
0 0
0 0
0 0
0 0
0 0
0 0
0 0
0 0
0 0
0 0
0 0
0 0
0 0
0 0
0 0
0 0
0 0
0 0
0 0
0 0
0 0
0 0
175 22
0 0
16 243
0 210
0 226
0 1
78 235
0 198
0 -6
114 7
296 17
0 219
0 237
204 14
0 215
0 -8
8 185
0 204
0 199
0 206
0 -16
240 25
-8 223
0 218
0 -10
182 210
249 -9
74 41
125 30
66 45
0 0
0 219
0 -8
0 0
299 78
0 241
0 223
0 -6
102 35
177 19
192 12
0 0
20 220
0 -10
32 225
0 229
0 219
0 -15
12 205
0 210
0 194
0 227
0 196
0 -15
0 234
0 210
0 233
227 -12
0 0
202 12
0 227
0 -8
232 215
0 -9
0 -20
130 227
0 -18
0 0
268 70
0 0
0 0
41 210
303 -5
224 11
0 0
90 220
110 14
0 0
12 233
207 14
0 0
37 241
0 -10
0 248
0 230
0 214
0 234
0 -18
14 223
0 232
0 226
0 -16
207 9
0 0
0 0
167 51
0 225
0 204
0 -14
0 206
0 201
0 209
171 13
0 0
14 252
296 -14
361 13
0 247
190 -9
0 269
0 -15
30 245
0 215
0 227
0 234
278 -29
0 0
92 210
0 -12
0 0
0 202
0 220
0 227
0 228
0 247
0 243
0 -14
0 0
0 0
0 0
0 0
0 0
0 0
0 0
0 0
0 0
0 0
0 0
0 0
0 0
0 0
0 0
0 0
0 0
0 0
0 0
0 0
0 0
0 0
0 0
0 0
133 16
0 0
52 194
0 242
0 228
0 -9
0 258
0 247
0 -15
222 51
177 16
0 236
0 191
158 19
0 229
0 -9
0 194
304 17
282 -1
0 240
0 -18
294 74
0 235
0 223
0 -6
0 238
0 233
0 218
0 238
0 238
0 -10
235 241
0 -13
0 0
0 258
254 6
242 8
0 0
210 48
268 15
0 204
0 -9
-31 211
0 -8
0 231
0 219
0 217
0 -11
0 239
0 225
0 218
0 226
0 199
0 -14
0 237
0 254
0 246
0 254
0 -16
211 21
0 234
0 -13
206 247
0 -14
0 -23
32 227
0 -15
0 0
0 225
0 -14
0 -2
0 236
0 222
0 229
0 -13
260 239
173 -18
0 0
0 243
282 -34
0 0
10 256
0 -15
0 230
0 224
291 8
273 -2
0 0
0 250
0 206
0 234
0 -14
238 68
0 0
0 0
0 224
0 234
0 229
0 -12
0 217
0 227
0 204
276 -53
0 0
247 76
0 157
0 228
0 238
214 -6
0 258
0 -21
268 54
262 32
0 248
0 207
0 229
0 -5
248 239
0 -15
0 0
0 245
0 234
261 -13
0 210
340 9
291 0
0 0
0 0
0 0
0 0
0 0
0 0
0 0
0 0
0 0
0 0
0 0
0 0
0 0
0 0
0 0
0 0
0 0
0 0
0 0
0 0
0 0
0 0
0 0
0 0
0 0
115 37
0 0
0 232
0 213
0 215
0 -4
70 229
0 219
0 -10
159 62
162 6
0 182
0 244
190 2
0 227
0 -14
10 223
0 219
0 223
0 237
0 -12
184 16
0 209
0 238
0 -19
146 219
206 19
89 20
163 23
195 -6
0 0
-65 222
0 -11
0 0
243 74
0 218
0 228
0 -11
130 35
84 11
38 28
0 0
0 204
0 -15
0 205
0 231
0 210
0 -14
0 228
0 231
0 226
0 218
0 223
0 -12
0 238
0 232
0 233
0 252
0 -13
235 70
0 236
0 -12
236 239
0 -14
0 0
46 240
0 -11
0 -3
0 236
0 -12
0 0
0 223
0 235
0 222
0 -11
226 235
257 8
0 0
0 236
245 -2
0 0
0 247
0 -14
0 233
0 225
0 239
0 247
0 -15
4 244
0 234
0 207
0 -14
279 95
0 0
0 0
225 65
0 253
0 227
0 -15
0 219
0 224
0 218
124 5
0 0
0 264
0 257
0 242
0 234
0 238
292 -11
0 0
0 246
0 240
0 252
0 228
323 -27
0 -2
141 250
0 -16
0 -16
0 247
0 237
0 264
0 223
0 229
0 255
0 -14
0 0
0 0
0 0
0 0
0 0
0 0
0 0
0 0
0 0
0 0
0 0
0 0
0 0
0 0
0 0
0 0
0 0
0 0
0 0
0 0
0 0
0 0
0 0
0 0
233 210
0 -11
288 67
120 39
213 15
0 0
0 215
0 196
0 -14
66 56
253 9
0 196
0 218
0 220
0 197
0 -14
185 29
0 190
0 197
0 165
0 -1
282 74
0 197
0 182
0 -13
0 214
0 177
0 181
0 195
0 181
0 -7
146 209
0 -15
0 4
0 199
95 29
95 33
0 0
147 5
64 46
0 146
0 -16
24 195
0 -17
0 202
270 -12
150 19
0 0
64 197
0 219
0 206
0 218
0 194
0 -10
0 210
0 189
0 223
198 -7
0 0
252 19
0 223
0 1
138 209
0 -17
0 0
264 76
0 0
0 0
286 79
0 0
0 0
301 69
297 3
336 9
0 0
106 185
248 -3
0 0
12 205
206 -4
0 0
274 48
0 0
0 203
246 -20
0 220
275 -12
0 0
0 231
0 207
0 204
0 -15
323 81
0 0
0 2
32 222
0 183
0 201
0 -10
-32 197
0 209
0 183
242 -12
0 0
14 209
292 -6
299 3
0 214
366 -15
0 253
0 -14
50 227
0 218
0 244
0 200
289 -23
0 0
70 200
0 -17
0 0
20 238
0 247
0 220
0 213
0 230
0 216
0 -11
0 0
0 0
0 0
0 0
0 0
0 0
0 0
0 0
0 0
0 0
0 0
0 0
0 0
0 0
0 0
0 0
0 0
0 0
0 0
0 0
0 0
0 0
0 0
0 0
193 41
0 0
6 233
0 224
0 226
0 -10
36 229
0 253
0 -9
72 23
166 10
0 224
0 191
0 237
0 200
0 0
206 57
0 212
0 219
0 192
0 -5
73 19
0 189
0 148
0 0
0 171
0 218
0 226
0 225
0 245
0 -11
169 189
0 -4
0 0
0 195
60 19
209 10
0 0
222 38
228 6
0 218
0 -6
47 43
0 0
10 200
0 234
0 229
0 -10
0 210
0 233
0 215
0 229
0 200
0 -8
0 256
0 234
0 226
260 -14
0 0
212 18
0 242
0 -11
197 224
0 -15
0 0
39 228
0 -10
0 0
4 224
0 -9
0 -20
4 233
0 228
0 234
0 -10
68 198
182 2
0 0
0 229
224 -7
0 0
180 21
0 0
0 239
268 -10
0 249
204 -26
0 0
0 256
0 234
0 243
0 -13
319 78
0 0
0 0
0 238
0 212
0 220
0 -8
0 252
0 241
0 229
269 -29
0 0
18 253
0 257
0 261
0 250
0 238
298 -24
0 0
56 267
0 245
0 264
0 231
246 -14
0 -1
158 233
0 -12
0 -20
0 249
0 247
0 243
0 249
0 259
0 256
0 -11
0 0
0 0
0 0
0 0
0 0
0 0
0 0
0 0
0 0
0 0
0 0
0 0
0 0
0 0
0 0
0 0
0 0
0 0
0 0
0 0
0 0
0 0
0 0
0 0
243 22
0 0
10 262
0 243
0 199
0 -7
58 232
0 219
0 -14
91 33
219 3
0 219
0 207
157 13
0 197
0 -5
8 199
302 24
282 -6
250 3
0 0
240 68
0 223
0 225
0 -7
6 216
0 157
171 36
34 26
89 26
0 0
0 209
0 -15
0 0
216 31
0 239
0 232
0 -10
216 39
121 41
231 11
0 0
0 192
0 -9
0 242
0 235
0 221
0 -13
46 35
56 17
72 26
146 8
0 205
0 -12
0 242
0 225
0 218
0 222
0 -15
255 65
0 234
0 -4
188 235
0 -12
0 0
13 245
0 -16
0 -1
12 228
0 -11
0 0
30 230
0 223
0 222
0 -11
156 200
124 6
0 0
4 217
306 -20
0 0
293 90
0 0
14 228
0 219
0 238
0 245
0 -13
0 236
0 236
0 222
0 -15
249 72
0 0
0 0
22 243
0 218
0 210
0 -10
-9 216
0 230
0 215
304 1
0 0
10 243
0 233
0 250
0 245
240 -2
253 -5
0 0
74 258
342 -38
0 270
260 11
0 247
0 -5
208 235
0 -15
0 0
0 249
0 252
0 247
0 242
0 261
0 243
0 -14
0 0
0 0
0 0
0 0
0 0
0 0
0 0
0 0
0 0
0 0
0 0
0 0
0 0
0 0
0 0
0 0
0 0
0 0
0 0
0 0
0 0
0 0
0 0
0 0
49 49
0 0
4 254
0 196
0 203
0 -11
32 179
0 174
0 -5
159 15
134 34
0 199
0 198
0 243
0 218
0 -11
116 34
0 242
0 221
0 224
0 -13
230 19
0 222
0 234
0 -8
0 216
0 214
0 243
0 239
0 197
0 -9
180 202
0 -12
0 0
0 213
204 -13
49 35
0 0
133 8
256 6
0 198
0 -15
6 171
0 -5
0 215
0 221
0 235
0 -12
0 224
0 233
0 204
0 226
0 187
0 -1
0 235
0 239
0 233
0 222
0 -12
240 69
0 250
0 -11
188 226
0 -12
0 -22
30 237
0 -12
0 0
22 221
0 -11
0 -25
0 228
0 244
0 248
0 -16
168 241
182 -1
0 0
60 240
290 -13
0 0
137 26
0 0
0 237
270 4
0 253
232 -18
0 0
0 267
0 232
0 219
0 -8
266 66
0 0
0 0
0 237
0 221
0 234
0 -14
0 237
0 233
0 229
262 -6
0 0
10 244
0 257
0 256
0 235
0 221
256 -12
0 0
26 264
0 261
0 257
0 243
210 10
0 0
39 244
0 -10
0 -16
0 255
0 251
0 231
0 249
0 256
0 208
0 -9
0 0
0 0
0 0
0 0
0 0
0 0
0 0
0 0
0 0
0 0
0 0
0 0
0 0
0 0
0 0
0 0
0 0
0 0
0 0
0 0
0 0
0 0
0 0
0 0
197 212
0 -14
194 21
102 33
264 31
0 0
28 184
0 204
0 -12
164 16
186 22
0 201
0 237
0 206
168 3
0 0
0 218
0 177
307 -1
0 205
0 -10
207 17
234 29
173 24
0 0
0 235
0 192
226 -15
202 25
0 207
0 -3
186 244
0 -11
0 0
0 240
134 6
0 199
0 -7
0 184
0 210
0 206
0 -9
28 174
0 -3
0 208
238 -16
211 11
0 0
26 202
0 214
0 203
0 214
0 202
0 -11
0 240
0 232
0 230
308 -17
0 0
222 36
0 211
0 -13
145 204
0 -11
0 0
216 13
0 0
0 0
334 79
0 0
0 0
8 214
287 5
0 230
0 -13
158 216
175 5
0 0
0 237
204 8
0 0
294 86
0 0
8 215
337 -14
0 268
0 227
0 -15
322 82
272 35
0 204
0 -17
2 221
0 -10
0 0
20 224
0 179
306 -27
0 0
0 233
0 202
0 203
203 2
0 0
-53 225
224 -13
288 15
0 261
0 216
0 232
0 -11
299 46
0 192
293 -5
0 255
0 261
0 -10
254 223
0 -13
0 0
168 219
282 -21
225 12
0 163
0 155
324 -4
0 0
0 0
0 0
0 0
0 0
0 0
0 0
0 0
0 0
0 0
0 0
0 0
0 0
0 0
0 0
0 0
0 0
0 0
0 0
0 0
0 0
0 0
0 0
0 0
0 0
153 216
0 -17
0 226
0 236
0 208
0 -10
0 243
0 239
0 -16
46 41
96 11
0 239
0 220
0 164
150 24
0 0
0 198
0 212
153 -6
31 50
0 0
116 28
0 115
0 176
0 -12
0 242
0 205
82 31
230 14
0 221
0 -14
172 219
0 -11
0 0
0 224
186 18
0 232
0 -6
36 212
0 206
0 214
0 -7
116 38
0 0
0 212
0 200
0 200
0 -18
0 213
0 212
0 234
0 218
0 179
0 -2
0 224
0 244
0 252
0 203
0 -18
160 41
0 249
0 -11
173 218
0 -11
0 0
-42 227
0 -17
0 0
0 218
0 -10
0 0
154 198
201 -7
0 225
0 -11
220 220
116 30
0 0
0 227
161 -5
0 0
66 39
0 0
153 65
252 2
0 253
0 235
0 -16
256 7
202 2
0 241
0 -13
0 216
0 -18
0 -1
18 253
0 207
112 -17
0 0
0 254
0 240
0 238
231 13
0 0
0 247
0 241
0 221
0 249
0 225
0 224
0 -16
24 248
0 251
0 249
0 233
218 18
0 0
118 234
0 -16
0 0
0 258
209 20
255 15
0 191
0 153
262 -10
0 0
0 0
0 0
0 0
0 0
0 0
0 0
0 0
0 0
0 0
0 0
0 0
0 0
0 0
0 0
0 0
0 0
0 0
0 0
0 0
0 0
0 0
0 0
0 0
0 0
179 233
0 -15
62 37
92 19
56 30
0 0
0 230
0 186
0 -8
56 17
103 19
0 218
0 227
0 246
216 16
0 0
0 240
0 243
108 -7
0 206
0 -9
90 38
80 29
232 34
0 0
12 225
0 169
128 38
100 19
0 224
0 -13
-25 231
0 -14
0 0
0 238
314 -6
0 222
0 -13
4 204
0 210
0 197
0 -21
10 208
0 -12
-54 225
90 0
156 20
0 0
18 234
0 234
0 246
0 249
0 179
0 -10
0 249
0 233
0 222
160 1
0 0
147 16
0 252
0 -11
205 252
0 -17
0 0
276 70
0 0
0 0
138 14
0 0
0 0
0 227
158 -1
0 236
0 -11
206 240
130 0
0 0
0 235
312 -22
0 0
82 21
0 0
0 237
0 237
0 243
0 226
0 -8
214 52
130 3
0 231
0 -11
0 208
0 -11
0 0
0 229
0 244
274 5
0 0
0 252
0 236
0 241
272 -17
0 0
169 230
204 4
235 -3
0 261
0 225
0 235
0 -9
235 31
0 176
230 -1
0 265
0 250
0 -12
234 250
0 6
0 9
0 241
0 227
0 214
0 217
0 216
0 216
0 -17
0 0
0 0
0 0
0 0
0 0
0 0
0 0
0 0
0 0
0 0
0 0
0 0
0 0
0 0
0 0
0 0
0 0
0 0
0 0
0 0
0 0
0 0
0 0
0 0
181 248
0 -16
0 251
0 238
0 227
0 -8
0 232
0 244
0 -14
258 66
158 25
0 231
0 232
0 240
202 12
0 0
20 195
-24 149
268 -15
194 4
0 0
236 69
0 196
0 197
0 -5
44 233
0 210
198 6
128 19
0 243
0 -13
240 238
0 -13
0 0
0 226
233 -28
0 242
0 -12
46 214
0 206
0 223
0 -17
14 40
0 0
0 216
0 238
0 218
0 -12
18 224
0 251
0 235
0 198
0 219
0 -15
0 227
0 256
0 247
0 208
0 -13
251 66
0 239
0 -11
89 220
0 -17
0 -2
-85 251
0 -15
0 0
2 235
0 -15
0 0
158 229
146 6
0 241
0 -11
212 235
250 -8
0 0
177 218
240 1
0 0
-76 247
0 -14
232 6
0 259
0 245
0 218
0 -8
286 38
332 38
0 223
0 -14
0 237
0 -16
0 0
0 243
0 215
181 -2
0 0
0 234
0 216
0 238
217 4
0 0
0 243
0 241
0 251
0 244
0 230
0 237
0 -15
0 257
0 252
0 259
0 246
300 -38
0 0
74 232
0 -10
0 0
198 233
272 2
263 -3
0 249
0 257
236 -19
0 0
0 0
0 0
0 0
0 0
0 0
0 0
0 0
0 0
0 0
0 0
0 0
0 0
0 0
0 0
0 0
0 0
0 0
0 0
0 0
0 0
0 0
0 0
0 0
0 0
124 19
0 0
0 262
0 246
0 236
0 -16
176 20
0 205
0 -4
265 51
154 11
0 210
0 197
330 3
0 220
0 -4
2 213
-44 221
106 -2
190 5
0 0
0 218
136 16
142 7
0 0
10 238
0 216
0 206
156 48
112 30
0 0
49 226
0 -9
0 0
250 29
0 240
0 205
0 -11
254 66
254 6
170 11
0 0
0 218
0 -13
0 224
296 -19
153 4
0 0
0 228
0 208
0 235
0 218
0 201
0 -5
88 243
0 214
0 216
0 192
0 -15
218 14
0 212
0 -11
121 37
0 0
0 0
0 245
0 -11
0 0
246 29
0 0
0 0
0 229
106 0
270 1
0 0
175 11
0 252
0 -15
203 17
0 221
0 -12
258 57
0 0
8 245
0 256
0 230
0 217
0 -18
0 254
0 242
290 -35
0 0
262 78
0 0
0 0
8 249
326 -37
0 228
0 -12
275 51
0 226
0 240
163 -14
0 0
0 230
368 -26
0 259
257 -43
354 41
266 -15
0 0
130 250
330 -33
0 240
0 260
0 248
0 -15
214 251
0 -14
0 0
58 252
290 -4
0 242
255 -3
0 101
0 167
0 -19
0 0
0 0
0 0
0 0
0 0
0 0
0 0
0 0
0 0
0 0
0 0
0 0
0 0
0 0
0 0
0 0
0 0
0 0
0 0
0 0
0 0
0 0
0 0
0 0
63 41
0 0
0 252
0 250
0 240
0 -12
60 53
0 176
0 -8
237 54
236 9
0 256
0 232
236 13
0 238
0 -14
0 218
0 238
92 -18
128 14
0 0
0 235
199 -3
224 7
0 0
52 243
0 244
0 205
144 34
119 19
0 0
66 230
0 -11
0 0
213 52
0 214
0 204
0 -4
225 51
95 35
102 23
0 0
0 208
0 -10
-43 234
112 24
137 12
0 0
0 211
0 208
0 191
0 217
0 179
0 -11
36 241
0 243
0 231
0 233
0 -8
171 26
0 228
0 -13
178 15
0 0
0 0
-106 242
0 -14
0 0
280 59
0 0
0 0
0 256
172 7
190 1
0 0
102 31
0 208
0 -14
94 15
0 205
0 -20
0 243
0 -16
0 247
0 202
0 240
0 241
0 -13
0 263
0 227
188 -22
0 0
0 226
0 -13
0 0
160 241
312 -20
0 249
0 -15
235 56
0 250
0 256
236 -14
0 0
25 262
312 -19
0 256
312 -15
273 6
243 16
0 -2
178 234
258 1
0 244
0 259
0 247
0 -14
229 257
0 -15
0 -22
94 251
264 -2
0 233
310 -36
0 239
0 251
0 -15
0 0
0 0
0 0
0 0
0 0
0 0
0 0
0 0
0 0
0 0
0 0
0 0
0 0
0 0
0 0
0 0
0 0
0 0
0 0
0 0
0 0
0 0
0 0
0 0
103 19
0 0
0 227
0 226
234 -1
0 0
0 221
0 209
0 -14
100 44
164 26
0 222
0 225
215 -10
0 240
0 -12
0 228
0 215
296 10
146 15
0 0
0 213
70 40
114 26
0 0
54 241
0 212
0 212
112 9
154 32
0 0
23 241
0 -10
0 0
119 39
0 255
0 244
0 -10
174 17
180 19
140 25
0 0
100 27
0 0
0 214
0 249
0 229
0 -14
14 217
0 244
0 203
0 234
0 183
0 -3
0 232
0 240
143 29
0 225
0 -13
218 42
0 211
0 -10
64 216
0 -9
0 1
127 225
0 -11
0 0
0 242
0 -15
0 0
14 226
0 222
0 231
0 -15
152 214
186 2
0 0
23 223
174 -4
0 0
192 48
0 0
0 257
0 255
0 255
0 223
0 -14
0 269
0 212
318 -40
0 0
283 76
0 0
0 0
0 229
302 -5
0 243
0 -13
239 70
256 38
0 244
0 245
0 -11
102 247
244 6
304 -4
0 238
0 243
0 247
0 -8
190 257
269 -2
0 245
0 247
0 247
0 -15
248 247
0 -12
0 1
0 224
0 220
0 227
0 245
0 241
0 226
0 -13
72 247
0 250
0 -13
2 275
0 253
0 240
0 235
0 251
0 240
0 -12
0 0
0 0
0 0
0 0
0 0
0 0
0 0
0 0
0 0
0 0
0 0
0 0
0 0
0 0
251 8
0 0
0 210
0 231
187 19
0 0
0 224
0 226
0 -10
146 31
47 31
0 216
0 228
228 -17
0 231
0 -10
0 241
0 208
200 -11
142 18
0 0
-102 221
70 45
59 35
0 0
0 240
0 220
0 208
170 14
204 16
0 0
62 252
0 -10
0 0
151 27
0 248
0 243
0 -14
281 74
241 17
256 19
0 0
291 64
0 0
0 210
0 244
0 236
0 -15
0 218
0 234
0 229
0 233
-42 169
0 -6
42 261
0 244
282 -28
0 258
0 -10
210 54
0 247
0 -14
105 213
0 -12
0 0
-76 248
0 -14
0 0
0 242
0 -12
0 -24
0 227
0 237
0 243
0 -13
144 247
138 -5
0 0
136 236
250 -7
0 0
-46 244
0 -14
0 267
0 269
0 265
0 240
0 -16
0 258
0 247
214 -8
0 0
8 238
0 -13
0 0
0 243
163 -1
0 249
0 -13
261 15
266 10
0 243
0 233
0 -16
28 256
253 -9
314 5
0 228
0 272
0 259
0 -15
168 243
261 5
0 224
0 251
0 232
0 -16
187 259
0 -15
0 0
0 248
0 251
0 235
0 234
0 203
0 257
0 -16
0 0
0 0
0 0
0 0
0 0
0 0
0 0
0 0
0 0
0 0
0 0
0 0
0 0
0 0
0 0
0 0
0 0
0 0
0 0
0 0
0 0
0 0
0 0
0 0
230 227
0 -8
30 229
0 248
0 214
0 -2
34 229
0 216
0 -9
304 28
248 -1
0 249
0 236
168 -11
0 243
0 -12
-15 249
174 3
0 248
0 231
0 -8
192 20
0 236
0 225
0 -11
286 32
231 14
324 23
0 227
214 -24
0 0
84 228
0 -9
0 0
12 234
320 -20
0 251
12 -22
0 198
312 -32
0 206
53 24
8 233
0 20
0 244
0 244
0 234
0 -13
66 222
0 221
0 242
0 228
0 183
0 -7
36 248
0 247
0 234
0 224
0 -6
200 230
278 -30
0 0
91 234
0 -11
0 -22
222 243
0 -14
0 0
289 74
0 0
0 0
0 242
200 24
0 263
0 -15
188 223
328 -47
0 0
36 240
210 -16
0 0
6 240
0 -16
0 245
0 246
0 260
0 223
0 -11
46 268
0 229
306 3
0 0
6 226
0 -13
0 -21
105 248
262 3
0 254
0 -18
0 248
0 241
0 249
292 -3
0 0
316 88
0 199
350 -19
0 245
315 14
305 -3
0 0
272 79
278 2
0 225
0 252
0 230
0 -12
210 261
0 -16
0 0
0 242
0 234
0 223
0 249
0 217
0 244
0 -11
0 0
0 0
0 0
0 0
0 0
0 0
0 0
0 0
0 0
0 0
0 0
0 0
0 0
0 0
0 0
0 0
0 0
0 0
0 0
0 0
0 0
0 0
0 0
0 0
114 36
0 0
0 197
0 222
0 223
0 -13
54 226
0 214
0 -6
56 33
128 13
0 235
0 215
252 -15
0 227
0 -13
4 218
308 -11
0 221
174 4
0 0
237 24
0 245
0 224
0 -12
50 246
0 231
149 -7
197 13
164 14
0 0
25 256
0 -11
0 0
2 213
168 -3
212 13
0 0
160 16
0 238
0 238
0 -13
20 217
0 -11
6 231
0 237
0 221
0 -14
252 63
291 -9
213 15
280 1
0 206
0 -10
34 259
0 246
0 238
0 226
0 -10
290 84
0 223
0 -8
94 219
0 -8
0 -17
172 249
0 -15
0 0
0 235
0 -7
0 0
0 248
0 251
0 250
0 -14
214 238
105 -8
0 0
0 247
200 21
0 0
188 9
0 0
0 255
0 250
277 -5
348 43
0 0
0 265
0 235
-114 238
0 -13
244 55
0 0
0 0
0 227
0 222
0 239
0 -13
66 245
0 232
0 235
328 -33
0 0
78 257
0 238
0 243
0 243
0 272
0 261
0 -7
38 244
0 261
0 249
0 258
0 259
0 -15
264 250
0 -12
0 0
0 225
0 219
0 210
0 247
0 254
0 249
0 -12
0 0
0 0
0 0
0 0
0 0
0 0
0 0
0 0
0 0
0 0
0 0
0 0
0 0
0 0
0 0
0 0
0 0
0 0
0 0
0 0
0 0
0 0
0 0
0 0
153 28
0 0
0 219
0 218
110 0
0 0
0 229
0 220
0 -10
134 28
151 -9
0 243
0 195
0 192
158 35
0 0
0 246
46 31
0 243
98 19
0 0
96 12
0 179
0 179
0 -12
127 25
111 20
280 40
0 210
90 17
0 0
92 192
0 -1
0 -4
-70 248
179 -7
238 -9
0 0
-71 236
196 -18
0 207
0 -6
0 214
0 -10
10 215
0 206
0 229
0 -10
0 222
0 220
0 236
0 222
0 207
0 -7
0 253
0 225
147 -7
0 234
0 -10
165 20
0 214
0 -1
77 225
0 -16
0 -6
-27 239
0 -13
0 0
0 192
0 -3
0 -19
174 219
209 -2
0 260
0 -12
208 244
234 -12
0 0
89 249
279 -15
0 0
-74 259
0 -16
258 84
0 235
191 28
282 17
0 0
0 258
0 246
303 -3
0 0
0 246
0 -13
0 0
111 239
239 -13
0 248
0 -13
40 235
0 245
0 246
210 -8
0 0
0 257
0 267
0 237
0 243
0 255
316 -7
0 0
0 238
0 247
0 225
0 241
0 243
0 -14
214 258
0 -15
0 0
0 253
0 228
0 240
0 222
0 224
0 238
0 -19
0 0
0 0
0 0
0 0
0 0
0 0
0 0
0 0
0 0
0 0
0 0
0 0
0 0
0 0
0 0
0 0
0 0
0 0
0 0
0 0
0 0
0 0
0 0
0 0
219 217
0 -9
0 239
0 235
0 244
0 -13
232 11
0 220
0 -13
192 15
190 7
0 236
0 208
89 28
284 31
0 0
0 231
0 225
0 245
169 21
0 0
194 10
0 215
0 198
0 -3
106 38
169 25
92 41
0 223
99 28
0 0
137 228
0 -11
0 0
210 22
0 231
0 227
0 -10
114 20
85 49
167 22
0 0
24 196
0 -7
0 230
0 231
0 198
0 -8
0 221
0 247
0 231
0 202
-58 142
0 -8
18 240
0 233
0 215
230 3
0 0
260 31
0 190
0 -6
81 218
0 -12
0 -18
213 247
0 -17
0 0
0 235
0 -11
0 0
106 236
228 -5
0 249
0 -15
165 13
0 250
0 -14
38 262
289 -10
0 0
249 61
0 0
0 249
0 238
238 1
0 247
0 -11
32 252
0 231
287 -21
0 0
6 245
0 -14
0 0
152 225
296 -16
0 256
0 -16
12 228
0 255
0 242
262 -11
0 0
27 254
189 1
248 17
0 264
0 259
0 254
0 -11
50 227
0 252
0 222
0 240
274 -3
0 0
-37 248
0 -14
0 0
128 256
331 27
332 -14
0 218
298 -14
0 251
0 -16
0 0
0 0
0 0
0 0
0 0
0 0
0 0
0 0
0 0
0 0
0 0
0 0
0 0
0 0
0 0
0 0
0 0
0 0
0 0
0 0
0 0
0 0
0 0
0 0
208 220
0 -1
42 240
0 194
0 232
0 -14
56 254
0 217
0 -11
318 18
251 3
0 263
0 241
218 -12
0 228
0 -11
0 218
0 217
0 237
142 -8
0 0
206 51
0 226
0 219
0 -10
189 13
0 246
280 -7
0 209
0 229
0 -10
117 217
0 -10
0 -1
0 237
260 1
187 28
0 0
151 14
210 16
0 223
0 -12
136 8
0 0
0 243
0 239
0 232
0 -12
0 205
0 224
0 233
0 208
-44 177
0 -4
8 210
0 221
0 248
0 183
0 -11
170 29
0 218
0 -13
54 230
0 -8
0 -16
227 241
0 -16
0 0
4 222
0 -14
0 0
325 82
176 11
211 23
0 0
-27 233
231 -27
0 0
0 245
205 -3
0 0
175 18
0 0
0 263
0 232
266 -10
299 -4
0 0
0 236
0 215
0 225
0 -14
168 218
0 -12
0 0
304 96
0 243
0 231
0 -12
0 231
0 237
0 250
308 -18
0 0
178 17
0 205
0 247
0 230
263 -9
0 265
0 -9
302 30
0 263
308 -41
0 264
254 3
0 0
-103 261
0 -16
0 0
0 232
0 217
294 -21
0 191
288 -18
261 0
0 0
0 0
0 0
0 0
0 0
0 0
0 0
4 1
0 0
0 0
0 0
0 0
0 0
0 0
0 0
0 0
0 0
0 0
0 0
0 0
0 0
0 0
0 0
0 0
0 0
161 213
0 -11
0 210
0 203
0 215
0 -11
64 235
0 202
0 -14
115 25
240 33
0 240
0 231
0 237
0 207
0 -6
200 34
183 26
0 216
0 208
0 -11
195 24
0 197
0 216
0 -10
350 86
0 234
199 21
0 222
0 231
0 -15
122 199
0 -12
0 0
225 67
0 220
0 218
0 -11
254 81
220 3
163 13
0 0
126 35
0 0
0 244
0 188
0 242
0 -11
14 229
0 218
0 201
0 231
-75 177
0 -3
12 232
0 212
0 217
0 223
0 -8
129 27
0 231
0 -12
164 241
0 -12
0 0
-3 241
0 -14
0 0
0 243
0 -16
0 0
0 220
258 13
0 229
0 -16
180 246
190 -14
0 0
0 238
252 -31
0 0
306 78
0 0
0 252
0 216
0 233
0 236
0 -17
269 62
248 23
0 244
0 -16
7 240
0 -14
0 0
216 3
0 256
0 236
0 -14
0 219
0 240
0 233
260 -14
0 0
0 226
0 264
0 245
0 229
0 236
287 1
0 0
306 78
0 242
0 228
330 1
0 231
0 -13
146 234
0 -16
0 -5
5 259
302 -11
0 237
0 231
256 -21
237 0
0 0
10 230
0 238
0 -15
0 248
0 217
0 233
0 233
0 253
0 227
0 -14
0 0
0 0
0 0
0 0
0 0
0 0
0 0
0 0
0 0
0 0
0 0
0 0
0 0
0 0
196 16
0 0
0 242
0 217
0 193
0 -5
30 232
0 224
0 -10
143 16
242 9
0 211
0 224
0 235
0 231
0 -15
290 15
330 27
270 16
0 212
0 -16
226 53
0 187
0 180
0 -15
340 91
0 238
279 0
0 205
0 227
0 -5
252 228
0 -8
0 0
2 226
314 -21
293 -1
0 0
230 54
304 47
0 215
0 -8
213 56
0 0
0 241
0 230
0 230
0 -16
32 219
0 238
0 217
0 214
0 202
0 -1
0 250
0 230
0 206
0 211
0 -8
207 27
0 239
0 -16
98 223
0 -7
0 -25
177 252
0 -15
0 0
0 238
0 -16
0 0
86 215
240 -11
0 255
0 -18
176 219
266 -21
0 0
2 252
113 39
0 0
262 61
0 0
0 232
0 240
268 -24
156 20
0 0
252 55
259 34
0 233
0 -10
43 221
0 -9
0 0
258 27
0 246
0 225
0 -19
0 226
0 225
0 199
314 -13
0 0
0 233
0 249
0 238
0 231
0 235
292 -3
0 0
358 86
0 226
0 200
250 16
0 233
0 -16
200 245
0 -13
0 0
0 232
0 215
253 6
0 217
184 4
206 14
0 0
0 0
0 0
0 0
0 0
0 0
0 0
0 0
0 0
0 0
0 0
0 0
0 0
0 0
0 0
0 0
0 0
0 0
0 0
0 0
0 0
0 0
0 0
0 0
0 0
183 229
0 -17
222 63
0 218
176 9
0 0
193 15
0 193
0 -12
129 31
226 22
0 207
0 214
194 -23
0 205
0 -10
224 4
0 240
0 231
321 -11
0 0
358 79
0 238
0 235
0 -15
56 231
0 222
0 239
0 250
0 218
0 -11
189 209
0 -9
0 0
299 84
0 230
0 219
0 -16
270 70
178 9
164 20
0 0
0 196
0 -14
0 239
0 199
0 216
0 -10
20 212
0 215
0 215
0 215
-25 155
0 -3
0 208
0 219
0 222
0 184
0 -8
236 38
0 221
0 -16
153 217
0 -18
0 0
-19 245
0 -16
0 0
0 231
0 -11
0 -24
32 214
0 232
0 222
0 -13
110 10
164 25
0 0
340 78
250 77
0 0
0 245
0 -16
0 242
0 227
196 -32
225 16
0 0
0 249
0 193
0 207
0 -17
244 57
0 0
0 0
18 209
0 232
0 228
0 -12
0 221
0 240
0 238
200 -11
0 0
0 242
0 240
0 237
0 219
0 243
304 -12
0 0
0 221
0 231
0 202
0 227
0 221
0 -14
170 238
0 -11
0 0
284 49
0 215
299 -1
0 218
0 195
0 211
0 -13
0 0
0 0
0 0
0 0
0 0
0 0
0 0
0 0
0 0
0 0
0 0
0 0
0 0
0 0
0 0
0 0
0 0
0 0
0 0
0 0
0 0
0 0
0 0
0 0
195 21
0 0
226 14
162 7
203 16
0 0
10 249
0 233
0 -11
339 77
362 1
0 238
0 238
184 -1
0 216
0 -14
0 219
257 -15
0 226
276 -25
0 0
9 233
381 -24
232 6
0 0
0 256
0 223
0 242
0 226
0 240
0 -3
231 254
0 -16
0 0
253 67
0 241
0 229
0 -14
297 77
144 25
224 26
0 0
0 219
0 -13
51 228
184 -20
244 3
0 0
0 228
0 204
0 212
0 208
-55 218
0 -7
0 218
0 216
0 242
164 9
0 0
260 55
0 231
0 -9
77 221
0 -8
0 0
298 37
0 0
0 0
347 93
0 0
0 0
369 88
245 25
275 29
0 0
4 238
329 -3
0 0
34 239
272 -4
0 0
301 65
0 0
0 260
0 237
0 234
0 255
0 -14
34 253
0 241
0 228
0 -12
280 77
0 0
0 0
0 241
0 239
0 238
0 -13
8 247
0 249
0 221
243 -7
0 0
0 241
280 -4
0 258
333 -19
330 13
262 -12
0 0
291 87
0 229
304 -13
287 9
321 -7
0 0
75 230
0 -11
0 -20
198 252
250 -27
0 238
323 -25
0 168
0 206
0 -19
0 0
0 0
0 0
0 0
0 0
0 0
0 0
0 0
0 0
0 0
0 0
0 0
0 0
0 0
0 0
0 0
0 0
0 0
0 0
0 0
0 0
0 0
0 0
0 0
260 241
0 -11
42 215
0 239
0 220
0 -14
34 231
0 219
0 -15
304 82
278 0
0 170
0 197
234 -12
0 217
0 -10
0 221
0 200
164 -1
228 20
0 0
172 10
0 174
0 179
0 -15
0 220
0 210
180 7
189 14
0 240
0 -8
172 214
0 -16
0 0
0 243
304 5
0 226
0 -14
20 237
0 177
0 208
0 -17
136 19
0 0
0 225
0 202
0 225
0 -15
10 191
0 213
0 195
0 197
-88 198
0 -3
0 239
0 238
0 264
0 235
0 -13
229 10
0 229
0 -12
79 211
0 -2
0 -26
195 227
0 -12
0 0
4 241
0 -10
0 -22
164 214
205 -7
0 247
0 -15
216 238
256 -20
0 0
52 249
296 -14
0 0
-108 234
0 -15
24 249
0 236
0 239
0 256
0 -13
274 69
334 46
0 244
0 -12
28 236
0 -9
0 -18
0 238
0 248
222 2
0 0
0 237
0 243
0 215
331 -26
0 0
4 251
0 265
0 250
0 241
0 238
0 265
0 -15
52 258
0 225
0 239
0 233
208 -20
0 0
79 233
0 -13
0 -9
0 255
0 247
0 226
0 246
0 255
0 230
0 -10
0 0
0 0
0 0
0 0
0 0
0 0
0 0
0 0
0 0
0 0
0 0
0 0
0 0
0 0
0 0
0 0
0 0
0 0
0 0
0 0
0 0
0 0
0 0
0 0
183 40
0 0
0 236
0 210
0 214
0 -13
12 243
0 233
0 -14
217 54
335 -5
0 188
0 239
0 244
0 208
0 -8
314 79
0 244
0 247
0 212
0 -17
264 78
0 228
0 217
0 -11
140 227
256 -31
94 11
166 -1
262 -4
0 0
-71 250
0 -11
0 0
0 239
283 -5
270 -3
0 0
300 82
294 20
0 251
0 -14
-101 235
0 -12
28 232
0 236
0 199
0 -14
0 246
0 217
0 235
0 233
0 212
0 -8
-6 230
0 237
0 259
0 235
0 -15
190 16
0 248
0 -13
88 218
0 -10
0 -13
207 217
0 -16
0 0
0 235
0 -11
0 -20
6 238
0 234
0 220
0 -16
148 249
262 -28
0 0
45 245
308 -22
0 0
0 254
0 -11
-13 239
277 -11
0 253
328 -46
0 0
0 250
0 212
0 228
0 -9
291 22
0 0
0 0
302 70
0 262
0 242
0 -15
0 254
0 254
0 224
315 -25
0 0
0 251
0 251
0 255
0 230
0 256
310 2
0 0
0 237
0 218
0 208
0 219
340 -49
0 0
-77 240
0 -14
0 -25
0 234
0 237
0 216
0 247
0 233
0 237
0 -12
0 0
0 0
0 0
0 0
0 0
0 0
0 0
0 0
0 0
0 0
0 0
0 0
0 0
0 0
0 0
0 0
0 0
0 0
0 0
0 0
0 0
0 0
0 0
0 0
270 41
0 0
0 241
0 232
0 210
0 -8
20 215
0 235
0 -12
141 32
208 -8
0 196
0 220
0 232
0 218
0 -19
262 74
0 241
0 239
0 240
0 -13
307 75
0 221
0 232
0 -12
224 251
189 14
232 43
272 6
218 7
0 0
1 247
0 -13
0 0
2 235
301 6
309 -5
0 0
336 87
216 4
0 186
0 -14
0 220
0 -14
0 224
0 232
0 231
0 -12
12 227
0 230
0 228
0 220
-55 201
0 -18
0 232
0 214
0 242
0 241
0 -13
309 79
0 231
0 -14
-34 250
0 -16
0 -19
151 224
0 -16
0 0
0 255
0 -15
0 -17
0 238
0 219
0 215
0 -11
138 226
288 -15
0 0
-27 248
168 -7
0 0
0 240
0 -10
252 245
258 -24
0 246
307 7
0 0
8 236
0 242
0 241
0 -13
276 81
0 0
0 0
251 60
0 243
0 226
0 -9
4 259
0 239
0 234
319 -1
0 0
22 237
0 232
0 254
0 224
0 243
290 33
0 0
46 237
0 243
0 242
0 230
323 6
0 0
13 246
0 -13
0 -22
0 234
0 237
0 214
0 252
0 243
0 223
0 -12
0 0
0 0
0 0
0 0
0 0
0 0
0 0
0 0
0 0
0 0
0 0
0 0
0 0
0 0
0 0
0 0
0 0
0 0
0 0
0 0
0 0
0 0
0 0
0 0
244 209
0 -14
0 220
46 37
0 214
0 -16
42 216
0 220
0 -10
64 33
204 26
0 192
0 235
0 201
0 220
0 -12
0 223
184 0
306 -14
205 18
0 0
154 9
0 191
0 191
0 -10
28 219
0 242
0 232
0 226
0 228
0 -13
186 213
0 -9
0 0
0 239
266 -31
0 253
0 -9
3 248
261 -6
0 236
0 -13
192 48
0 0
0 228
0 218
0 238
0 -13
0 225
0 216
0 220
0 222
-19 173
0 0
302 28
0 252
0 214
100 11
0 0
0 229
188 13
0 0
-4 243
0 -14
-6 -25
189 231
0 -17
0 0
259 5
0 0
0 0
0 228
0 234
0 239
0 -11
152 229
248 -12
0 0
-54 192
239 1
0 0
287 69
0 0
-79 256
190 -15
0 222
0 244
0 -13
14 246
0 226
0 240
0 -14
306 94
0 0
0 0
8 237
0 217
0 216
0 -10
0 241
0 256
0 229
221 -9
0 0
-7 252
0 243
0 257
0 237
0 229
213 -1
0 0
297 62
0 236
296 -22
0 219
330 25
0 0
38 242
0 -12
0 -22
172 257
219 -23
297 1
0 185
0 143
216 6
0 0
0 0
0 0
0 0
0 0
0 0
0 0
0 0
0 0
0 0
0 0
0 0
0 0
0 0
0 0
0 0
0 0
0 0
0 0
0 0
0 0
0 0
0 0
0 0
0 0
230 26
0 0
14 222
198 -20
0 230
0 -17
20 213
0 236
0 -17
104 45
144 18
0 201
0 221
98 34
0 214
0 -11
268 34
0 229
209 17
135 4
0 0
210 9
0 182
0 220
0 -11
24 257
0 221
0 240
0 233
0 245
0 -12
238 235
0 -11
0 0
0 238
0 224
244 -8
0 0
0 228
344 -25
0 225
0 -11
16 222
0 -16
10 206
0 235
0 233
0 -11
10 248
0 233
0 195
0 207
-36 184
0 -14
218 65
0 249
0 242
142 7
0 0
228 40
0 239
0 -11
49 224
0 -9
0 -20
137 226
0 -18
0 0
0 223
0 -12
0 0
0 221
0 225
0 250
0 -11
186 243
332 -30
0 0
88 244
285 -7
0 0
176 23
0 0
61 234
170 18
0 228
0 246
0 -10
12 227
0 210
0 223
0 -12
212 8
0 -2
0 -3
0 227
0 211
0 214
0 -11
0 221
0 223
0 232
177 0
0 10
22 247
0 233
0 212
0 217
298 37
277 -4
0 22
0 237
250 -24
0 209
306 -10
0 237
0 -13
-46 246
0 -11
0 -17
136 240
136 16
92 -1
0 126
0 69
255 25
0 0
0 0
0 0
0 0
0 0
0 0
0 0
0 0
0 0
0 0
0 0
0 0
0 0
0 0
0 0
0 0
0 0
0 0
0 0
0 0
0 0
0 0
0 0
0 0
0 0
189 238
0 -16
-46 244
284 -12
0 224
0 -12
68 251
0 216
0 -5
194 48
204 -2
0 227
0 238
0 232
0 227
0 -12
0 224
236 -6
219 13
211 -5
0 0
252 23
0 238
0 237
0 -16
14 247
0 232
0 220
0 245
0 247
0 -13
250 231
0 -7
0 0
0 234
330 -25
0 252
0 -11
133 218
257 -27
0 204
0 -13
194 27
0 0
0 231
0 236
0 230
0 -16
0 250
0 228
0 226
0 218
0 210
0 -8
250 25
0 255
0 246
268 12
0 0
50 246
323 -23
0 0
8 245
0 -14
0 2
177 237
0 -16
0 0
317 32
0 0
0 0
0 252
0 242
0 245
0 -19
164 240
212 -16
0 0
-36 259
242 8
0 0
303 77
0 0
0 250
0 203
0 241
0 230
0 -12
0 229
0 237
0 242
0 -16
259 37
0 0
0 0
0 231
0 224
0 226
0 -12
0 247
0 185
0 223
295 3
0 0
6 242
0 249
0 195
0 209
0 243
296 17
0 0
258 74
0 196
280 -31
0 256
294 16
0 0
-109 235
0 -17
0 0
0 215
0 211
0 201
0 242
0 227
0 226
0 -14
0 0
0 0
0 0
0 0
0 0
0 0
0 0
0 0
0 0
0 0
0 0
0 0
0 0
0 0
0 0
0 0
0 0
0 0
0 0
0 0
0 0
0 0
0 0
0 0
240 16
0 0
-42 264
288 -30
0 248
0 -9
54 258
0 245
0 -10
203 33
226 7
0 239
0 220
210 11
0 238
0 -12
299 73
0 221
152 -1
129 15
0 0
322 72
0 226
0 224
0 -14
72 251
0 224
0 242
0 232
0 243
0 -17
222 236
0 -9
0 0
10 223
0 251
307 -25
0 0
0 236
255 -23
0 193
0 -11
18 229
0 -12
30 212
0 246
0 212
0 -12
0 206
0 240
0 218
0 205
-39 200
0 -13
324 67
0 250
0 253
278 -13
0 0
243 69
0 239
0 -14
76 198
0 -11
0 -25
187 236
0 -15
0 0
6 219
0 -11
0 -18
0 225
0 220
0 214
0 -8
164 212
306 -25
0 0
0 227
225 -4
0 0
0 249
0 -15
0 237
0 225
0 225
267 -4
0 0
2 224
0 220
0 217
0 -2
259 76
0 0
0 0
6 226
0 238
0 220
0 -13
0 202
0 177
0 218
217 10
0 0
0 249
0 244
0 238
0 230
302 11
272 2
0 0
158 238
302 -39
0 253
296 -19
0 250
0 -13
220 231
0 -14
0 -23
0 242
0 246
0 207
0 229
0 237
0 231
0 -13
0 0
0 0
0 0
0 0
0 0
0 0
0 0
0 0
0 0
0 0
0 0
0 0
0 0
0 0
0 0
0 0
0 0
0 0
0 0
0 0
0 0
0 0
0 0
0 0
169 20
0 0
0 239
0 218
0 217
0 1
66 228
0 212
0 22
152 43
186 1
0 254
0 216
254 -16
0 235
0 -14
254 67
0 231
0 231
0 218
0 -6
163 200
180 17
176 -8
0 0
0 242
0 240
0 191
136 45
86 -1
-2 0
10 242
0 -12
0 0
238 20
0 212
0 241
0 -11
220 62
205 5
138 -8
0 0
0 217
0 -11
2 237
0 227
0 220
0 -17
0 224
0 243
0 227
0 208
0 204
0 -15
0 260
0 245
0 241
0 226
0 -12
221 14
0 232
0 -12
132 226
0 -12
0 0
-88 245
0 -13
0 0
4 221
0 -11
0 0
6 233
0 231
0 236
0 -13
192 235
187 16
0 0
0 237
284 -7
0 0
0 250
0 -14
0 265
0 236
0 241
0 221
0 -5
4 245
0 209
0 217
0 -14
272 63
0 0
0 0
0 242
0 253
0 244
0 -17
0 226
0 236
0 246
178 11
0 0
0 232
0 244
0 235
0 236
0 248
0 250
0 -14
260 36
358 -5
0 254
0 251
0 254
0 -14
265 252
0 -17
0 -23
0 238
0 228
334 1
0 249
0 236
0 246
0 -16
0 0
0 0
0 0
0 0
0 0
0 0
0 0
0 0
0 0
0 0
0 0
0 0
0 0
0 0
0 0
0 0
0 0
0 0
0 0
0 0
0 0
0 0
0 0
0 0
